!***IR7 Optics***
kq4.lr7             =               0.001313827241 ;
kqt4.l7             =               0.000331689344 ;
kqt4.r7             =               0.000331689344 ;
kq5.lr7             =              -0.001335536573 ;
kqt5.l7             =               -3.2657706e-05 ;
kqt5.r7             =               -3.2657706e-05 ;
kq6.l7b1            =         0.003286979059896093 ;
kq6.r7b1            =         -0.00277759843877938 ;
kq6.l7b2            =         -0.00274436996780121 ;
kq6.r7b2            =         0.003327652651179616 ;
kqtl7.l7b1          =         0.001045599034768938 ;
kqtl7.r7b1          =         0.003794359332327131 ;
kqtl7.l7b2          =         0.003619133678254548 ;
kqtl7.r7b2          =        0.0004406721307168374 ;
kqtl8.l7b1          =       -0.0004080471643112254 ;
kqtl8.r7b1          =         0.001637872374729243 ;
kqtl8.l7b2          =         0.001247913216433774 ;
kqtl8.r7b2          =        0.0003021391383436414 ;
kqtl9.l7b1          =         0.000316765985800294 ;
kqtl9.r7b1          =          0.00303312714057046 ;
kqtl9.l7b2          =         0.003299808182159771 ;
kqtl9.r7b2          =        0.0003535574841546741 ;
kqtl10.l7b1         =         0.004412543172072586 ;
kqtl10.r7b1         =       -0.0004332062452072307 ;
kqtl10.l7b2         =        0.0007266143438236771 ;
kqtl10.r7b2         =         0.004182667939935593 ;
kqtl11.l7b1         =         0.001568141874706838 ;
kqtl11.r7b1         =       -0.0001188590613541512 ;
kqtl11.l7b2         =        4.260464141122763e-05 ;
kqtl11.r7b2         =        0.0007438596720780516 ;
kqt12.l7b1          =         0.002007399782117291 ;
kqt12.r7b1          =        -0.002580885272339308 ;
kqt12.l7b2          =         0.001126884353984395 ;
kqt12.r7b2          =       -6.814116244630798e-05 ;
kqt13.l7b1          =       -0.0009240117667921852 ;
kqt13.r7b1          =        9.777987317704923e-05 ;
kqt13.l7b2          =       -0.0008817088027732285 ;
kqt13.r7b2          =         -0.00411844439276598 ;
betxIP7b1 = 120.813252; betyIP7b1 = 149.430550; alfxIP7b1 =   1.276977; alfyIP7b1 =  -1.385147; dxIP7b1   =  -0.203847; dpxIP7b1  =  -0.000000;
betxIP7b2 = 120.813252; betyIP7b2 = 149.430372; alfxIP7b2 =  -1.276977; alfyIP7b2 =   1.385146; dxIP7b2   =  -0.091341; dpxIP7b2  =  -0.000446;
muxIP7b1  =   2.455000; muyIP7b1  =   1.970000; muxIP7b1_L=   1.218973; muyIP7b1_L=   0.999934; muxIP7b1_R=   1.236027; muyIP7b1_R=   0.970066;
muxIP7b2  =   2.455000; muyIP7b2  =   1.970000; muxIP7b2_L=   1.245388; muyIP7b2_L=   0.933389; muxIP7b2_R=   1.209612; muyIP7b2_R=   1.036611;


