kq4.lr7             =               0.001313827241 ;
kq4.lr7            = 0.001313827241 new
kq5.lr7             =              -0.001335536573 ;
kq5.lr7            = -0.001335536573 new
kq6.l7b1           = 0.00321557542409864 new
kq6.l7b1            =         0.003217602173616046 ;
kq6.l7b2            =        -0.002715465108518464 ;
kq6.l7b2           = -0.00271794713436081 new
kq6.r7b1            =        -0.002895110630339751 ;
kq6.r7b1           = -0.00289547757477802 new
kq6.r7b2           = 0.00330104373139534 new
kq6.r7b2            =         0.003303138351820296 ;
kqt12.l7b1         = 0.0014289418920456 new
kqt12.l7b1          =         0.001462263045888419 ;
kqt12.l7b2         = 0.000283805550525882 new
kqt12.l7b2          =        0.0004593612923210774 ;
kqt12.r7b1          =        -0.004202863570779848 ;
kqt12.r7b1         = -0.00438833357604152 new
kqt12.r7b2          =       -0.0009947270247134864 ;
kqt12.r7b2         = -0.000998095299312232 new
kqt13.l7b1         = -0.00119266520357851 new
kqt13.l7b1          =        -0.001264324519160939 ;
kqt13.l7b2         = -0.00113640688580564 new
kqt13.l7b2          =        -0.001173578740126419 ;
kqt13.r7b1          =         0.001086582066907763 ;
kqt13.r7b1         = 0.00111381700749764 new
kqt13.r7b2          =         -0.00221595600429068 ;
kqt13.r7b2         = -0.00232453690708297 new
kqt4.l7             =               0.000331689344 ;
kqt4.l7            = 0.000331689344 new
kqt4.r7             =               0.000331689344 ;
kqt4.r7            = 0.000331689344 new
kqt5.l7             =               -3.2657706e-05 ;
kqt5.l7            = -3.2657706e-05 new
kqt5.r7             =               -3.2657706e-05 ;
kqt5.r7            = -3.2657706e-05 new
kqtl10.l7b1        = 0.00410980339379676 new
kqtl10.l7b1         =         0.004115870454377229 ;
kqtl10.l7b2        = 0.000572564322422856 new
kqtl10.l7b2         =        0.0006310988017856336 ;
kqtl10.r7b1         =        -0.001398880610816229 ;
kqtl10.r7b1        = -0.00143736328947351 new
kqtl10.r7b2        = 0.00446880352193518 new
kqtl10.r7b2         =         0.004487233871275627 ;
kqtl11.l7b1         =         0.002364461739649078 ;
kqtl11.l7b1        = 0.00239867050079862 new
kqtl11.l7b2         =        0.0002369791342646403 ;
kqtl11.l7b2        = 0.000248687932224177 new
kqtl11.r7b1         =        0.0001245656932977265 ;
kqtl11.r7b1        = 0.000137107226199673 new
kqtl11.r7b2         =        0.0009204252562139409 ;
kqtl11.r7b2        = 0.000955235072189595 new
kqtl7.l7b1          =         0.002426325169946067 ;
kqtl7.l7b1         = 0.00245334273054639 new
kqtl7.l7b2          =         0.003474938523230409 ;
kqtl7.l7b2         = 0.00349431091887727 new
kqtl7.r7b1          =         0.004679712739039602 ;
kqtl7.r7b1         = 0.00468193314182343 new
kqtl7.r7b2          =        0.0001370197483345236 ;
kqtl7.r7b2         = 0.000212527200989709 new
kqtl8.l7b1          =        -0.001378253480792072 ;
kqtl8.l7b1         = -0.00138709392595166 new
kqtl8.l7b2         = 0.00126717963219467 new
kqtl8.l7b2          =         0.001276662904648883 ;
kqtl8.r7b1          =         0.001405553522544725 ;
kqtl8.r7b1         = 0.00142830172552299 new
kqtl8.r7b2         = 0.0011159052563705 new
kqtl8.r7b2          =         0.001174084788382857 ;
kqtl9.l7b1         = 0.000579526162947249 new
kqtl9.l7b1          =        0.0005798772709180918 ;
kqtl9.l7b2          =         0.003424577635552475 ;
kqtl9.l7b2         = 0.00343743311736895 new
kqtl9.r7b1          =         0.003400651373020739 ;
kqtl9.r7b1         = 0.00340516964489538 new
kqtl9.r7b2          =        2.674024748400754e-05 ;
kqtl9.r7b2         = 6.14252536840142e-05 new
muxIP7b1  =   2.455000; muyIP7b1  =   1.970000; muxIP7b1_L=   1.203241; muyIP7b1_L=   0.969037; muxIP7b1_R=   1.251759; muyIP7b1_R=   1.000963;
muxIP7b2  =   2.455000; muyIP7b2  =   1.970000; muxIP7b2_L=   1.244885; muyIP7b2_L=   0.935165; muxIP7b2_R=   1.210115; muyIP7b2_R=   1.034835;
